# timecode format v2
1765871406806
1765871406848
1765871406911
1765871406937
1765871406976
1765871407015
1765871407048
1765871407073
1765871407112
1765871407141
1765871407178
1765871407213
1765871407246
1765871407284
1765871407308
1765871407344
1765871407370
1765871407408
1765871407446
1765871407474
1765871407512
1765871407549
1765871407581
1765871407616
1765871407697
1765871407724
1765871407778
1765871407805
1765871407841
1765871407879
1765871407909
1765871407958
1765871408019
1765871408049
1765871408067
1765871408091
1765871408111
1765871408149
1765871408186
1765871408289
1765871408747
1765871408773
1765871408812
1765871409316
1765871409380
1765871409814
1765871410303
1765871410813
1765871411244
1765871411576
1765871411703
1765871411814
1765871411839
1765871412106
1765871412181
1765871412217
1765871412270
1765871412345
1765871412543
1765871412580
1765871412644
1765871412744
1765871412872
1765871412973
1765871413111
1765871413213
1765871413237
1765871413340
1765871413441
1765871413710
1765871413748
1765871413772
1765871414045
1765871414070
1765871414108
1765871414309
1765871414410
1765871414548
1765871414776
1765871414814
1765871414939
1765871415039
1765871415141
1765871415213
1765871415251
1765871415315
1765871415381
1765871415407
1765871415480
1765871415546
1765871415573
1765871415637
1765871415776
1765871415878
1765871416023
1765871416045
1765871416061
1765871416090
1765871416137
1765871416169
1765871416286
1765871416322
1765871416359
1765871416382
1765871416405
1765871416423
1765871416458
1765871416497
1765871416519
1765871416553
1765871416585
1765871416615
1765871416651
1765871416677
1765871416714
1765871416751
1765871416781
1765871416808
1765871416848
1765871416875
1765871416915
1765871416942
1765871416983
1765871417012
1765871417042
1765871417080
1765871417111
1765871417192
1765871417218
1765871417251
1765871417301
1765871417337
1765871417368
1765871417396
1765871417424
1765871417449
1765871417472
1765871417495
1765871418123
1765871418148
1765871418308
1765871418481
1765871418506
1765871418544
1765871418570
1765871418610
1765871418677
1765871418711
1765871418748
1765871418774
1765871418814
1765871418844
1765871418874
1765871418914
1765871418974
1765871419012
1765871419038
